205854959
205857093
205901179
205852638
205900480
205852676
205902783
205901469
205900186
205859211
205851411
205900563
205854559
205853845
205853507
205858087
205901592
205902219
205858797
205856082
205855029
205855804
205851899
205858064
205855750
205851656
205900102
205854616
205854525
205859380
205858825
205902013
205855954
205854677
205854356
205852752
205856456
205857179
205854011
205901606
205902191
205902366
205851924
205851500
205855051
205851459
205853498
205854342
205856758
205856634
205902247
205901233
205857440
205857941
205858195
205903269
205854152
205858697
205901103
205428611
205859120
205900116
205901512
205851692
205859185
205903176
205852057
205900770
205855648
205852500
205859433
205901270
205853676
205901298
205902274
205852478
205856935
205851538
205851489
205854490
205900938
205855539
205853434
205853527
205856176
205854935
205901502
205854809
205857190
205859774
205854708
205854091
205903019
205902662
205857338
205853100
205853124
205859922
205859017
205903057
205903162
205856425
205852449
205853588
205901149
205902472
205853291
205902104
205854201
205854837
205859970
205852850
205852738
205858447
205851807
205855988
205855098
205854924
205900577
205901732
205853212
205902758
205858864
205858045
205857747
205856331
205857822
205901565
205902861
205903220
205859407
205855658
205851730
205858458
205852828
205853977
205902081
205902299
205900666
205854625
205855910
205902676
205855228
205901478
205903123
205852934
205853609
205858976
205858966
205900493
205901828
205856733
205901718
205900746
205902885
205858603
205858576
205901776
205856165
205858956
205858020
205857269
205901767
205856921
205858352
205902548
205852553
205859419
205859956
205853728
205858303
205902591
205856412
205852586
205851288
205859245
205858074
205855679
205855889
205854452
205856243
205855975
205901005
205857402
205856611
205853920
205902481
205856144
205851263
205854729
205902689
205859478
205858811
205855404
205902719
205901743
205901800
205900725
205852008
205900310
205852411
205856956
205856364
205902908
205851402
205858732
205857046
205855864
205855582
205854466
205852900
205855965
205853816
205901432
205857368
205857761
205902037
205859332
205853966
205900795
205858547
205900233
205852627
205903323
205901170
205857845
205859896
205902562
205859275
205858902
205855930
205858912
205900952
205853035
205856318
205902234
205854393
205901925
205852997
205900442
205901852
205901193
205856577
205857080
205858275
205851313
205854141
205900209
205853956
205902003
205900199
205856268
205851821
205854442
205901207
205856986
205903109
205853855
205858398
205854111
205901993
205858782
205903033
205854370
205902825
205854749
205857012
205852573
205900847
205854688
205856868
205855310
205857927
205854121
205858767
205900252
205903147
205859221
205856946
205858115
205854056
205856681
205858589
205859711
205859084
205859991
205900837
205852340
205851938
205854569
205852563
205901257
205858922
205902154
205859858
205858471
205856109
205858129
205853462
205851420
205900680
205857232
205858674
205854913
205902875
205853448
205902438
205853264
205901457
205859626
205852949
205852814
205900418
205856854
205902060
205856533
205853802
205859235
205902390
205854774
205853149
205856591
205856296
205859760
205853536
205855549
205859527
205900019
205853632
205900366
205854288
205854667
205902309
205852801
205857121
205855466
205853946
205859659
205857378
205855727
205857056
205855713
205859611
205859833
205851355
205852891
205855272
205901393
205902577
205853011
205855088
205902918
205901093
205853347
205901382
205900990
205856068
205859587
205852911
205856187
205857454
205857859
205858486
205903210
205902942
205902748
205902733
205859785
205856519
205900641
205859799
205900756
205856495
205900067
205854638
205858708
205856747
205901898
205856976
205901079
205901368
205900605
205852514
205901579
205856658
205855145
205900873
205855593
205851301
205854784
205901309
205853764
205857707
205854229
205903283
205857887
205900896
205858945
205855345
205859056
205859541
205859869
205858756
205852613
205851510
205900630
205858181
205856435
205902328
205852780
205856308
205901015
205900620
205851870
205852971
205901526
205857678
205859737
205858641
205901359
205859031
205852791
205854036
205859322
205854823
205852600
205857551
205900784
205855213
205851379
205902047
205859636
205852425
205851884
205858238
205900172
205852724
205857831
205854851
205858167
205852095
205856374
205852109
205859134
205855320
205853788
205902462
205852985
205900289
205851580
205900924
205901983
205900591
205854308
205903133
205900714
205902605
205856401
205851670
205858341
205853622
205857489
205852959
205851832
205852384
205856475
205902709
205859882
205851480
205901687
205859158
205902414
205851744
205852299
205858363
205903333
205858522
205852696
205858556
205857899
205853134
205858374
205853878
205855237
205852921
205853646
205857623
205900004
205854515
205855455
205853574
205858006
205900456
205855764
205853409
205855689
205851566
205859684
205903047
205902772
205853073
205855999
205851856
205901040
205902850
205856057
205900053
205859697
205854992
205901634
205852375
205855125
205859847
205900704
205857966
205859265
205859342
205855845
205857736
205854274
205902634
205903082
205852686
205855476
205900338
205902836
205852710
205854022
205854101
205851949
205852468
205856620
205855200
205901127
205855286
205858210
205903246
205855074
205856201
205854239
205853517
205855940
205853086
205901551
205900078
205901948
205856485
205902342
205853599
205855878
205857293
205855525
205854421
205857650
205858288
205900466
205853906
205852020
205858263
205858101
205856028
205853332
205854861
205851719
205853550
205857991
205855741
205856879
205902319
205853358
205857475
205856387
205900089
205855190
205854332
205902071
205851628
205901911
205855393
205852285
205854477
205857025
205854578
205856155
205853892
205853774
205902993
205852459
205859674
205855514
205855635
205858384
205855703
205856567
205856893
205900531
205902139
205902811
205853754
205857465
205902520
205857874
205900886
205901884
205857573
205855300
205859576
205859646
205901838
205857279
205852157
205853831
205858745
205854501
205855428
205902260
205858687
205859907
205855039
205853198
205857218
205856672
205855817
205857107
205856014
205900380
205857722
205859171
205857782
205856120
205902953
205854740
205857692
205903005
205853931
205902648
205900352
205851987
205858500
205853114
205851548
205856815
205852313
205859312
205855355
205854318
205859936
205859597
205900028
205901814
205851523
205859980
205854432
205851434
205854949
205853473
205851392
205852355
205853991
205858662
205902928
205859566
205900219
205854535
205857913
205901875
205854082
205854298
205855365
205902619
205901697
205903256
205857513
205856096
205900277
205856465
205851228
205857609
205854763
205858055
205902285
205903071
205857155
205854249
205853396
205859820
205859043
205855779
205854070
205903312
205900042
205855559
205857327
205900407
205903357
205854698
205901054
205855016
205901160
205859285
205857636
205854407
205851641
205901935
205852276
205902796
205900507
205856787
205856829
205853665
205851608
205852143
205855831
205852539
205852252
205857537
205900735
205900428
205856966
205851755
205902895
205857664
205853690
205859514
205851842
205852839
205852132
205900976
205856282
205852525
205857415
205901219
205858936
205902115
205853160
205857317
205857164
205858613
205857503
205900144
205856601
205856801
205853021
205900242
205857392
205854889
205902404
205903293
205859254
205902534
205855899
205900861
205859467
205858437
205858511
205859352
205900910
205900394
205859366
205855855
205857426
205858031
205902965
205856048
205859109
205858327
205854166
205851766
205859393
205859002
205853703
205901402
205901422
205857144
205901673
205902452
205851794
205854380
205857524
205901708
205855179
205856705
205853226
205855669
205903386
205852121
205903186
205851973
205901284
205859298
205859723
205851595
205851253
205855247
205854263
205852397
205852171
205902125
205900264
205854970
205854652
205901443
205858853
205852881
205851341
205852213
205857069
205900158
205854718
205903096
